01000000000100000000000011111111
01010110000000000000000011111111
11010011010000100000000111111111
00101100100101100010001011111111
11010101001011000010011111111111
01001010110010000100010111111111
10101100001111000000011111111111
01010010100100100000110111111111
11111111110010000000110101011010
11111111011111000000000000100101
11111111000001100001010001001001
11111111010100001011110100000101
11111111101000010101101010000000
11111111010100101010100001100000
11111111101100000101010101000000
11111111010011101010100000000000
01010010111111111111001011000000
01100001111111111011010010010000
00000001111111110101101101011000
00000011111111111011111011001101
00000000111111111011010100101000
00000011111111110100110111011111
00001000111111110010100100000010
00000111111111111001001010101101
00000001111111111111111110010010
00001010111111111111111101101000
00111110111111111111111110100101
00110010111111111111111101101010
00010100111111111111111101000010
01001001111111111111111111001101
11010110111111111111111101110001
00101101111111111111111110000111
